0.000000 0.000000
0.001000 0.012566
0.002000 0.025130
0.003000 0.037690
0.004000 0.050244
0.005000 0.062791
0.006000 0.075327
0.007000 0.087851
0.008000 0.100362
0.009000 0.112856
0.010000 0.125333
0.011000 0.137790
0.012000 0.150226
0.013000 0.162637
0.014000 0.175023
0.015000 0.187381
0.016000 0.199710
0.017000 0.212007
0.018000 0.224271
0.019000 0.236499
0.020000 0.248690
0.021000 0.260842
0.022000 0.272952
0.023000 0.285019
0.024000 0.297042
0.025000 0.309017
0.026000 0.320944
0.027000 0.332820
0.028000 0.344643
0.029000 0.356412
0.030000 0.368125
0.031000 0.379779
0.032000 0.391374
0.033000 0.402906
0.034000 0.414376
0.035000 0.425779
0.036000 0.437116
0.037000 0.448383
0.038000 0.459580
0.039000 0.470704
0.040000 0.481754
0.041000 0.492727
0.042000 0.503623
0.043000 0.514440
0.044000 0.525175
0.045000 0.535827
0.046000 0.546394
0.047000 0.556876
0.048000 0.567269
0.049000 0.577573
0.050000 0.587785
0.051000 0.597905
0.052000 0.607930
0.053000 0.617860
0.054000 0.627691
0.055000 0.637424
0.056000 0.647056
0.057000 0.656586
0.058000 0.666012
0.059000 0.675333
0.060000 0.684547
0.061000 0.693653
0.062000 0.702650
0.063000 0.711536
0.064000 0.720309
0.065000 0.728969
0.066000 0.737513
0.067000 0.745941
0.068000 0.754251
0.069000 0.762443
0.070000 0.770513
0.071000 0.778462
0.072000 0.786288
0.073000 0.793990
0.074000 0.801567
0.075000 0.809017
0.076000 0.816339
0.077000 0.823533
0.078000 0.830596
0.079000 0.837528
0.080000 0.844328
0.081000 0.850994
0.082000 0.857527
0.083000 0.863923
0.084000 0.870184
0.085000 0.876307
0.086000 0.882291
0.087000 0.888136
0.088000 0.893841
0.089000 0.899405
0.090000 0.904827
0.091000 0.910106
0.092000 0.915241
0.093000 0.920232
0.094000 0.925077
0.095000 0.929776
0.096000 0.934329
0.097000 0.938734
0.098000 0.942991
0.099000 0.947098
0.100000 0.951057
0.101000 0.954865
0.102000 0.958522
0.103000 0.962028
0.104000 0.965382
0.105000 0.968583
0.106000 0.971632
0.107000 0.974527
0.108000 0.977268
0.109000 0.979855
0.110000 0.982287
0.111000 0.984564
0.112000 0.986686
0.113000 0.988652
0.114000 0.990461
0.115000 0.992115
0.116000 0.993611
0.117000 0.994951
0.118000 0.996134
0.119000 0.997159
0.120000 0.998027
0.121000 0.998737
0.122000 0.999289
0.123000 0.999684
0.124000 0.999921
0.125000 1.000000
0.126000 0.999921
0.127000 0.999684
0.128000 0.999289
0.129000 0.998737
0.130000 0.998027
0.131000 0.997159
0.132000 0.996134
0.133000 0.994951
0.134000 0.993611
0.135000 0.992115
0.136000 0.990461
0.137000 0.988652
0.138000 0.986686
0.139000 0.984564
0.140000 0.982287
0.141000 0.979855
0.142000 0.977268
0.143000 0.974527
0.144000 0.971632
0.145000 0.968583
0.146000 0.965382
0.147000 0.962028
0.148000 0.958522
0.149000 0.954865
0.150000 0.951057
0.151000 0.947098
0.152000 0.942991
0.153000 0.938734
0.154000 0.934329
0.155000 0.929776
0.156000 0.925077
0.157000 0.920232
0.158000 0.915241
0.159000 0.910106
0.160000 0.904827
0.161000 0.899405
0.162000 0.893841
0.163000 0.888136
0.164000 0.882291
0.165000 0.876307
0.166000 0.870184
0.167000 0.863923
0.168000 0.857527
0.169000 0.850994
0.170000 0.844328
0.171000 0.837528
0.172000 0.830596
0.173000 0.823533
0.174000 0.816339
0.175000 0.809017
0.176000 0.801567
0.177000 0.793990
0.178000 0.786288
0.179000 0.778462
0.180000 0.770513
0.181000 0.762443
0.182000 0.754251
0.183000 0.745941
0.184000 0.737513
0.185000 0.728969
0.186000 0.720309
0.187000 0.711536
0.188000 0.702650
0.189000 0.693653
0.190000 0.684547
0.191000 0.675333
0.192000 0.666012
0.193000 0.656586
0.194000 0.647056
0.195000 0.637424
0.196000 0.627691
0.197000 0.617860
0.198000 0.607930
0.199000 0.597905
0.200000 0.587785
0.201000 0.577573
0.202000 0.567269
0.203000 0.556876
0.204000 0.546394
0.205000 0.535827
0.206000 0.525175
0.207000 0.514440
0.208000 0.503623
0.209000 0.492727
0.210000 0.481754
0.211000 0.470704
0.212000 0.459580
0.213000 0.448383
0.214000 0.437116
0.215000 0.425779
0.216000 0.414376
0.217000 0.402906
0.218000 0.391374
0.219000 0.379779
0.220000 0.368125
0.221000 0.356412
0.222000 0.344643
0.223000 0.332820
0.224000 0.320944
0.225000 0.309017
0.226000 0.297042
0.227000 0.285019
0.228000 0.272952
0.229000 0.260842
0.230000 0.248690
0.231000 0.236499
0.232000 0.224271
0.233000 0.212007
0.234000 0.199710
0.235000 0.187381
0.236000 0.175023
0.237000 0.162637
0.238000 0.150226
0.239000 0.137790
0.240000 0.125333
0.241000 0.112856
0.242000 0.100362
0.243000 0.087851
0.244000 0.075327
0.245000 0.062791
0.246000 0.050244
0.247000 0.037690
0.248000 0.025130
0.249000 0.012566
0.250000 0.000000
0.251000 -0.012566
0.252000 -0.025130
0.253000 -0.037690
0.254000 -0.050244
0.255000 -0.062791
0.256000 -0.075327
0.257000 -0.087851
0.258000 -0.100362
0.259000 -0.112856
0.260000 -0.125333
0.261000 -0.137790
0.262000 -0.150226
0.263000 -0.162637
0.264000 -0.175023
0.265000 -0.187381
0.266000 -0.199710
0.267000 -0.212007
0.268000 -0.224271
0.269000 -0.236499
0.270000 -0.248690
0.271000 -0.260842
0.272000 -0.272952
0.273000 -0.285019
0.274000 -0.297042
0.275000 -0.309017
0.276000 -0.320944
0.277000 -0.332820
0.278000 -0.344643
0.279000 -0.356412
0.280000 -0.368125
0.281000 -0.379779
0.282000 -0.391374
0.283000 -0.402906
0.284000 -0.414376
0.285000 -0.425779
0.286000 -0.437116
0.287000 -0.448383
0.288000 -0.459580
0.289000 -0.470704
0.290000 -0.481754
0.291000 -0.492727
0.292000 -0.503623
0.293000 -0.514440
0.294000 -0.525175
0.295000 -0.535827
0.296000 -0.546394
0.297000 -0.556876
0.298000 -0.567269
0.299000 -0.577573
0.300000 -0.587785
0.301000 -0.597905
0.302000 -0.607930
0.303000 -0.617860
0.304000 -0.627691
0.305000 -0.637424
0.306000 -0.647056
0.307000 -0.656586
0.308000 -0.666012
0.309000 -0.675333
0.310000 -0.684547
0.311000 -0.693653
0.312000 -0.702650
0.313000 -0.711536
0.314000 -0.720309
0.315000 -0.728969
0.316000 -0.737513
0.317000 -0.745941
0.318000 -0.754251
0.319000 -0.762443
0.320000 -0.770513
0.321000 -0.778462
0.322000 -0.786288
0.323000 -0.793990
0.324000 -0.801567
0.325000 -0.809017
0.326000 -0.816339
0.327000 -0.823533
0.328000 -0.830596
0.329000 -0.837528
0.330000 -0.844328
0.331000 -0.850994
0.332000 -0.857527
0.333000 -0.863923
0.334000 -0.870184
0.335000 -0.876307
0.336000 -0.882291
0.337000 -0.888136
0.338000 -0.893841
0.339000 -0.899405
0.340000 -0.904827
0.341000 -0.910106
0.342000 -0.915241
0.343000 -0.920232
0.344000 -0.925077
0.345000 -0.929776
0.346000 -0.934329
0.347000 -0.938734
0.348000 -0.942991
0.349000 -0.947098
0.350000 -0.951057
0.351000 -0.954865
0.352000 -0.958522
0.353000 -0.962028
0.354000 -0.965382
0.355000 -0.968583
0.356000 -0.971632
0.357000 -0.974527
0.358000 -0.977268
0.359000 -0.979855
0.360000 -0.982287
0.361000 -0.984564
0.362000 -0.986686
0.363000 -0.988652
0.364000 -0.990461
0.365000 -0.992115
0.366000 -0.993611
0.367000 -0.994951
0.368000 -0.996134
0.369000 -0.997159
0.370000 -0.998027
0.371000 -0.998737
0.372000 -0.999289
0.373000 -0.999684
0.374000 -0.999921
0.375000 -1.000000
0.376000 -0.999921
0.377000 -0.999684
0.378000 -0.999289
0.379000 -0.998737
0.380000 -0.998027
0.381000 -0.997159
0.382000 -0.996134
0.383000 -0.994951
0.384000 -0.993611
0.385000 -0.992115
0.386000 -0.990461
0.387000 -0.988652
0.388000 -0.986686
0.389000 -0.984564
0.390000 -0.982287
0.391000 -0.979855
0.392000 -0.977268
0.393000 -0.974527
0.394000 -0.971632
0.395000 -0.968583
0.396000 -0.965382
0.397000 -0.962028
0.398000 -0.958522
0.399000 -0.954865
0.400000 -0.951057
0.401000 -0.947098
0.402000 -0.942991
0.403000 -0.938734
0.404000 -0.934329
0.405000 -0.929776
0.406000 -0.925077
0.407000 -0.920232
0.408000 -0.915241
0.409000 -0.910106
0.410000 -0.904827
0.411000 -0.899405
0.412000 -0.893841
0.413000 -0.888136
0.414000 -0.882291
0.415000 -0.876307
0.416000 -0.870184
0.417000 -0.863923
0.418000 -0.857527
0.419000 -0.850994
0.420000 -0.844328
0.421000 -0.837528
0.422000 -0.830596
0.423000 -0.823533
0.424000 -0.816339
0.425000 -0.809017
0.426000 -0.801567
0.427000 -0.793990
0.428000 -0.786288
0.429000 -0.778462
0.430000 -0.770513
0.431000 -0.762443
0.432000 -0.754251
0.433000 -0.745941
0.434000 -0.737513
0.435000 -0.728969
0.436000 -0.720309
0.437000 -0.711536
0.438000 -0.702650
0.439000 -0.693653
0.440000 -0.684547
0.441000 -0.675333
0.442000 -0.666012
0.443000 -0.656586
0.444000 -0.647056
0.445000 -0.637424
0.446000 -0.627691
0.447000 -0.617860
0.448000 -0.607930
0.449000 -0.597905
0.450000 -0.587785
0.451000 -0.577573
0.452000 -0.567269
0.453000 -0.556876
0.454000 -0.546394
0.455000 -0.535827
0.456000 -0.525175
0.457000 -0.514440
0.458000 -0.503623
0.459000 -0.492727
0.460000 -0.481754
0.461000 -0.470704
0.462000 -0.459580
0.463000 -0.448383
0.464000 -0.437116
0.465000 -0.425779
0.466000 -0.414376
0.467000 -0.402906
0.468000 -0.391374
0.469000 -0.379779
0.470000 -0.368125
0.471000 -0.356412
0.472000 -0.344643
0.473000 -0.332820
0.474000 -0.320944
0.475000 -0.309017
0.476000 -0.297042
0.477000 -0.285019
0.478000 -0.272952
0.479000 -0.260842
0.480000 -0.248690
0.481000 -0.236499
0.482000 -0.224271
0.483000 -0.212007
0.484000 -0.199710
0.485000 -0.187381
0.486000 -0.175023
0.487000 -0.162637
0.488000 -0.150226
0.489000 -0.137790
0.490000 -0.125333
0.491000 -0.112856
0.492000 -0.100362
0.493000 -0.087851
0.494000 -0.075327
0.495000 -0.062791
0.496000 -0.050244
0.497000 -0.037690
0.498000 -0.025130
0.499000 -0.012566
0.500000 -0.000000
0.501000 0.012566
0.502000 0.025130
0.503000 0.037690
0.504000 0.050244
0.505000 0.062791
0.506000 0.075327
0.507000 0.087851
0.508000 0.100362
0.509000 0.112856
0.510000 0.125333
0.511000 0.137790
0.512000 0.150226
0.513000 0.162637
0.514000 0.175023
0.515000 0.187381
0.516000 0.199710
0.517000 0.212007
0.518000 0.224271
0.519000 0.236499
0.520000 0.248690
0.521000 0.260842
0.522000 0.272952
0.523000 0.285019
0.524000 0.297042
0.525000 0.309017
0.526000 0.320944
0.527000 0.332820
0.528000 0.344643
0.529000 0.356412
0.530000 0.368125
0.531000 0.379779
0.532000 0.391374
0.533000 0.402906
0.534000 0.414376
0.535000 0.425779
0.536000 0.437116
0.537000 0.448383
0.538000 0.459580
0.539000 0.470704
0.540000 0.481754
0.541000 0.492727
0.542000 0.503623
0.543000 0.514440
0.544000 0.525175
0.545000 0.535827
0.546000 0.546394
0.547000 0.556876
0.548000 0.567269
0.549000 0.577573
0.550000 0.587785
0.551000 0.597905
0.552000 0.607930
0.553000 0.617860
0.554000 0.627691
0.555000 0.637424
0.556000 0.647056
0.557000 0.656586
0.558000 0.666012
0.559000 0.675333
0.560000 0.684547
0.561000 0.693653
0.562000 0.702650
0.563000 0.711536
0.564000 0.720309
0.565000 0.728969
0.566000 0.737513
0.567000 0.745941
0.568000 0.754251
0.569000 0.762443
0.570000 0.770513
0.571000 0.778462
0.572000 0.786288
0.573000 0.793990
0.574000 0.801567
0.575000 0.809017
0.576000 0.816339
0.577000 0.823533
0.578000 0.830596
0.579000 0.837528
0.580000 0.844328
0.581000 0.850994
0.582000 0.857527
0.583000 0.863923
0.584000 0.870184
0.585000 0.876307
0.586000 0.882291
0.587000 0.888136
0.588000 0.893841
0.589000 0.899405
0.590000 0.904827
0.591000 0.910106
0.592000 0.915241
0.593000 0.920232
0.594000 0.925077
0.595000 0.929776
0.596000 0.934329
0.597000 0.938734
0.598000 0.942991
0.599000 0.947098
0.600000 0.951057
0.601000 0.954865
0.602000 0.958522
0.603000 0.962028
0.604000 0.965382
0.605000 0.968583
0.606000 0.971632
0.607000 0.974527
0.608000 0.977268
0.609000 0.979855
0.610000 0.982287
0.611000 0.984564
0.612000 0.986686
0.613000 0.988652
0.614000 0.990461
0.615000 0.992115
0.616000 0.993611
0.617000 0.994951
0.618000 0.996134
0.619000 0.997159
0.620000 0.998027
0.621000 0.998737
0.622000 0.999289
0.623000 0.999684
0.624000 0.999921
0.625000 1.000000
0.626000 0.999921
0.627000 0.999684
0.628000 0.999289
0.629000 0.998737
0.630000 0.998027
0.631000 0.997159
0.632000 0.996134
0.633000 0.994951
0.634000 0.993611
0.635000 0.992115
0.636000 0.990461
0.637000 0.988652
0.638000 0.986686
0.639000 0.984564
0.640000 0.982287
0.641000 0.979855
0.642000 0.977268
0.643000 0.974527
0.644000 0.971632
0.645000 0.968583
0.646000 0.965382
0.647000 0.962028
0.648000 0.958522
0.649000 0.954865
0.650000 0.951057
0.651000 0.947098
0.652000 0.942991
0.653000 0.938734
0.654000 0.934329
0.655000 0.929776
0.656000 0.925077
0.657000 0.920232
0.658000 0.915241
0.659000 0.910106
0.660000 0.904827
0.661000 0.899405
0.662000 0.893841
0.663000 0.888136
0.664000 0.882291
0.665000 0.876307
0.666000 0.870184
0.667000 0.863923
0.668000 0.857527
0.669000 0.850994
0.670000 0.844328
0.671000 0.837528
0.672000 0.830596
0.673000 0.823533
0.674000 0.816339
0.675000 0.809017
0.676000 0.801567
0.677000 0.793990
0.678000 0.786288
0.679000 0.778462
0.680000 0.770513
0.681000 0.762443
0.682000 0.754251
0.683000 0.745941
0.684000 0.737513
0.685000 0.728969
0.686000 0.720309
0.687000 0.711536
0.688000 0.702650
0.689000 0.693653
0.690000 0.684547
0.691000 0.675333
0.692000 0.666012
0.693000 0.656586
0.694000 0.647056
0.695000 0.637424
0.696000 0.627691
0.697000 0.617860
0.698000 0.607930
0.699000 0.597905
0.700000 0.587785
0.701000 0.577573
0.702000 0.567269
0.703000 0.556876
0.704000 0.546394
0.705000 0.535827
0.706000 0.525175
0.707000 0.514440
0.708000 0.503623
0.709000 0.492727
0.710000 0.481754
0.711000 0.470704
0.712000 0.459580
0.713000 0.448383
0.714000 0.437116
0.715000 0.425779
0.716000 0.414376
0.717000 0.402906
0.718000 0.391374
0.719000 0.379779
0.720000 0.368125
0.721000 0.356412
0.722000 0.344643
0.723000 0.332820
0.724000 0.320944
0.725000 0.309017
0.726000 0.297042
0.727000 0.285019
0.728000 0.272952
0.729000 0.260842
0.730000 0.248690
0.731000 0.236499
0.732000 0.224271
0.733000 0.212007
0.734000 0.199710
0.735000 0.187381
0.736000 0.175023
0.737000 0.162637
0.738000 0.150226
0.739000 0.137790
0.740000 0.125333
0.741000 0.112856
0.742000 0.100362
0.743000 0.087851
0.744000 0.075327
0.745000 0.062791
0.746000 0.050244
0.747000 0.037690
0.748000 0.025130
0.749000 0.012566
0.750000 0.000000
0.751000 -0.012566
0.752000 -0.025130
0.753000 -0.037690
0.754000 -0.050244
0.755000 -0.062791
0.756000 -0.075327
0.757000 -0.087851
0.758000 -0.100362
0.759000 -0.112856
0.760000 -0.125333
0.761000 -0.137790
0.762000 -0.150226
0.763000 -0.162637
0.764000 -0.175023
0.765000 -0.187381
0.766000 -0.199710
0.767000 -0.212007
0.768000 -0.224271
0.769000 -0.236499
0.770000 -0.248690
0.771000 -0.260842
0.772000 -0.272952
0.773000 -0.285019
0.774000 -0.297042
0.775000 -0.309017
0.776000 -0.320944
0.777000 -0.332820
0.778000 -0.344643
0.779000 -0.356412
0.780000 -0.368125
0.781000 -0.379779
0.782000 -0.391374
0.783000 -0.402906
0.784000 -0.414376
0.785000 -0.425779
0.786000 -0.437116
0.787000 -0.448383
0.788000 -0.459580
0.789000 -0.470704
0.790000 -0.481754
0.791000 -0.492727
0.792000 -0.503623
0.793000 -0.514440
0.794000 -0.525175
0.795000 -0.535827
0.796000 -0.546394
0.797000 -0.556876
0.798000 -0.567269
0.799000 -0.577573
0.800000 -0.587785
0.801000 -0.597905
0.802000 -0.607930
0.803000 -0.617860
0.804000 -0.627691
0.805000 -0.637424
0.806000 -0.647056
0.807000 -0.656586
0.808000 -0.666012
0.809000 -0.675333
0.810000 -0.684547
0.811000 -0.693653
0.812000 -0.702650
0.813000 -0.711536
0.814000 -0.720309
0.815000 -0.728969
0.816000 -0.737513
0.817000 -0.745941
0.818000 -0.754251
0.819000 -0.762443
0.820000 -0.770513
0.821000 -0.778462
0.822000 -0.786288
0.823000 -0.793990
0.824000 -0.801567
0.825000 -0.809017
0.826000 -0.816339
0.827000 -0.823533
0.828000 -0.830596
0.829000 -0.837528
0.830000 -0.844328
0.831000 -0.850994
0.832000 -0.857527
0.833000 -0.863923
0.834000 -0.870184
0.835000 -0.876307
0.836000 -0.882291
0.837000 -0.888136
0.838000 -0.893841
0.839000 -0.899405
0.840000 -0.904827
0.841000 -0.910106
0.842000 -0.915241
0.843000 -0.920232
0.844000 -0.925077
0.845000 -0.929776
0.846000 -0.934329
0.847000 -0.938734
0.848000 -0.942991
0.849000 -0.947098
0.850000 -0.951057
0.851000 -0.954865
0.852000 -0.958522
0.853000 -0.962028
0.854000 -0.965382
0.855000 -0.968583
0.856000 -0.971632
0.857000 -0.974527
0.858000 -0.977268
0.859000 -0.979855
0.860000 -0.982287
0.861000 -0.984564
0.862000 -0.986686
0.863000 -0.988652
0.864000 -0.990461
0.865000 -0.992115
0.866000 -0.993611
0.867000 -0.994951
0.868000 -0.996134
0.869000 -0.997159
0.870000 -0.998027
0.871000 -0.998737
0.872000 -0.999289
0.873000 -0.999684
0.874000 -0.999921
0.875000 -1.000000
0.876000 -0.999921
0.877000 -0.999684
0.878000 -0.999289
0.879000 -0.998737
0.880000 -0.998027
0.881000 -0.997159
0.882000 -0.996134
0.883000 -0.994951
0.884000 -0.993611
0.885000 -0.992115
0.886000 -0.990461
0.887000 -0.988652
0.888000 -0.986686
0.889000 -0.984564
0.890000 -0.982287
0.891000 -0.979855
0.892000 -0.977268
0.893000 -0.974527
0.894000 -0.971632
0.895000 -0.968583
0.896000 -0.965382
0.897000 -0.962028
0.898000 -0.958522
0.899000 -0.954865
0.900000 -0.951057
0.901000 -0.947098
0.902000 -0.942991
0.903000 -0.938734
0.904000 -0.934329
0.905000 -0.929776
0.906000 -0.925077
0.907000 -0.920232
0.908000 -0.915241
0.909000 -0.910106
0.910000 -0.904827
0.911000 -0.899405
0.912000 -0.893841
0.913000 -0.888136
0.914000 -0.882291
0.915000 -0.876307
0.916000 -0.870184
0.917000 -0.863923
0.918000 -0.857527
0.919000 -0.850994
0.920000 -0.844328
0.921000 -0.837528
0.922000 -0.830596
0.923000 -0.823533
0.924000 -0.816339
0.925000 -0.809017
0.926000 -0.801567
0.927000 -0.793990
0.928000 -0.786288
0.929000 -0.778462
0.930000 -0.770513
0.931000 -0.762443
0.932000 -0.754251
0.933000 -0.745941
0.934000 -0.737513
0.935000 -0.728969
0.936000 -0.720309
0.937000 -0.711536
0.938000 -0.702650
0.939000 -0.693653
0.940000 -0.684547
0.941000 -0.675333
0.942000 -0.666012
0.943000 -0.656586
0.944000 -0.647056
0.945000 -0.637424
0.946000 -0.627691
0.947000 -0.617860
0.948000 -0.607930
0.949000 -0.597905
0.950000 -0.587785
0.951000 -0.577573
0.952000 -0.567269
0.953000 -0.556876
0.954000 -0.546394
0.955000 -0.535827
0.956000 -0.525175
0.957000 -0.514440
0.958000 -0.503623
0.959000 -0.492727
0.960000 -0.481754
0.961000 -0.470704
0.962000 -0.459580
0.963000 -0.448383
0.964000 -0.437116
0.965000 -0.425779
0.966000 -0.414376
0.967000 -0.402906
0.968000 -0.391374
0.969000 -0.379779
0.970000 -0.368125
0.971000 -0.356412
0.972000 -0.344643
0.973000 -0.332820
0.974000 -0.320944
0.975000 -0.309017
0.976000 -0.297042
0.977000 -0.285019
0.978000 -0.272952
0.979000 -0.260842
0.980000 -0.248690
0.981000 -0.236499
0.982000 -0.224271
0.983000 -0.212007
0.984000 -0.199710
0.985000 -0.187381
0.986000 -0.175023
0.987000 -0.162637
0.988000 -0.150226
0.989000 -0.137790
0.990000 -0.125333
0.991000 -0.112856
0.992000 -0.100362
0.993000 -0.087851
0.994000 -0.075327
0.995000 -0.062791
0.996000 -0.050244
0.997000 -0.037690
0.998000 -0.025130
0.999000 -0.012566
1.000000 -0.000000
1.001000 0.012566
1.002000 0.025130
1.003000 0.037690
1.004000 0.050244
1.005000 0.062791
1.006000 0.075327
1.007000 0.087851
1.008000 0.100362
1.009000 0.112856
1.010000 0.125333
1.011000 0.137790
1.012000 0.150226
1.013000 0.162637
1.014000 0.175023
1.015000 0.187381
1.016000 0.199710
1.017000 0.212007
1.018000 0.224271
1.019000 0.236499
1.020000 0.248690
1.021000 0.260842
1.022000 0.272952
1.023000 0.285019
1.024000 0.297042
1.025000 0.309017
1.026000 0.320944
1.027000 0.332820
1.028000 0.344643
1.029000 0.356412
1.030000 0.368125
1.031000 0.379779
1.032000 0.391374
1.033000 0.402906
1.034000 0.414376
1.035000 0.425779
1.036000 0.437116
1.037000 0.448383
1.038000 0.459580
1.039000 0.470704
1.040000 0.481754
1.041000 0.492727
1.042000 0.503623
1.043000 0.514440
1.044000 0.525175
1.045000 0.535827
1.046000 0.546394
1.047000 0.556876
1.048000 0.567269
1.049000 0.577573
1.050000 0.587785
1.051000 0.597905
1.052000 0.607930
1.053000 0.617860
1.054000 0.627691
1.055000 0.637424
1.056000 0.647056
1.057000 0.656586
1.058000 0.666012
1.059000 0.675333
1.060000 0.684547
1.061000 0.693653
1.062000 0.702650
1.063000 0.711536
1.064000 0.720309
1.065000 0.728969
1.066000 0.737513
1.067000 0.745941
1.068000 0.754251
1.069000 0.762443
1.070000 0.770513
1.071000 0.778462
1.072000 0.786288
1.073000 0.793990
1.074000 0.801567
1.075000 0.809017
1.076000 0.816339
1.077000 0.823533
1.078000 0.830596
1.079000 0.837528
1.080000 0.844328
1.081000 0.850994
1.082000 0.857527
1.083000 0.863923
1.084000 0.870184
1.085000 0.876307
1.086000 0.882291
1.087000 0.888136
1.088000 0.893841
1.089000 0.899405
1.090000 0.904827
1.091000 0.910106
1.092000 0.915241
1.093000 0.920232
1.094000 0.925077
1.095000 0.929776
1.096000 0.934329
1.097000 0.938734
1.098000 0.942991
1.099000 0.947098
1.100000 0.951057
1.101000 0.954865
1.102000 0.958522
1.103000 0.962028
1.104000 0.965382
1.105000 0.968583
1.106000 0.971632
1.107000 0.974527
1.108000 0.977268
1.109000 0.979855
1.110000 0.982287
1.111000 0.984564
1.112000 0.986686
1.113000 0.988652
1.114000 0.990461
1.115000 0.992115
1.116000 0.993611
1.117000 0.994951
1.118000 0.996134
1.119000 0.997159
1.120000 0.998027
1.121000 0.998737
1.122000 0.999289
1.123000 0.999684
1.124000 0.999921
1.125000 1.000000
1.126000 0.999921
1.127000 0.999684
1.128000 0.999289
1.129000 0.998737
1.130000 0.998027
1.131000 0.997159
1.132000 0.996134
1.133000 0.994951
1.134000 0.993611
1.135000 0.992115
1.136000 0.990461
1.137000 0.988652
1.138000 0.986686
1.139000 0.984564
1.140000 0.982287
1.141000 0.979855
1.142000 0.977268
1.143000 0.974527
1.144000 0.971632
1.145000 0.968583
1.146000 0.965382
1.147000 0.962028
1.148000 0.958522
1.149000 0.954865
1.150000 0.951057
1.151000 0.947098
1.152000 0.942991
1.153000 0.938734
1.154000 0.934329
1.155000 0.929776
1.156000 0.925077
1.157000 0.920232
1.158000 0.915241
1.159000 0.910106
1.160000 0.904827
1.161000 0.899405
1.162000 0.893841
1.163000 0.888136
1.164000 0.882291
1.165000 0.876307
1.166000 0.870184
1.167000 0.863923
1.168000 0.857527
1.169000 0.850994
1.170000 0.844328
1.171000 0.837528
1.172000 0.830596
1.173000 0.823533
1.174000 0.816339
1.175000 0.809017
1.176000 0.801567
1.177000 0.793990
1.178000 0.786288
1.179000 0.778462
1.180000 0.770513
1.181000 0.762443
1.182000 0.754251
1.183000 0.745941
1.184000 0.737513
1.185000 0.728969
1.186000 0.720309
1.187000 0.711536
1.188000 0.702650
1.189000 0.693653
1.190000 0.684547
1.191000 0.675333
1.192000 0.666012
1.193000 0.656586
1.194000 0.647056
1.195000 0.637424
1.196000 0.627691
1.197000 0.617860
1.198000 0.607930
1.199000 0.597905
1.200000 0.587785
1.201000 0.577573
1.202000 0.567269
1.203000 0.556876
1.204000 0.546394
1.205000 0.535827
1.206000 0.525175
1.207000 0.514440
1.208000 0.503623
1.209000 0.492727
1.210000 0.481754
1.211000 0.470704
1.212000 0.459580
1.213000 0.448383
1.214000 0.437116
1.215000 0.425779
1.216000 0.414376
1.217000 0.402906
1.218000 0.391374
1.219000 0.379779
1.220000 0.368125
1.221000 0.356412
1.222000 0.344643
1.223000 0.332820
1.224000 0.320944
1.225000 0.309017
1.226000 0.297042
1.227000 0.285019
1.228000 0.272952
1.229000 0.260842
1.230000 0.248690
1.231000 0.236499
1.232000 0.224271
1.233000 0.212007
1.234000 0.199710
1.235000 0.187381
1.236000 0.175023
1.237000 0.162637
1.238000 0.150226
1.239000 0.137790
1.240000 0.125333
1.241000 0.112856
1.242000 0.100362
1.243000 0.087851
1.244000 0.075327
1.245000 0.062791
1.246000 0.050244
1.247000 0.037690
1.248000 0.025130
1.249000 0.012566
1.250000 0.000000
1.251000 -0.012566
1.252000 -0.025130
1.253000 -0.037690
1.254000 -0.050244
1.255000 -0.062791
1.256000 -0.075327
1.257000 -0.087851
1.258000 -0.100362
1.259000 -0.112856
1.260000 -0.125333
1.261000 -0.137790
1.262000 -0.150226
1.263000 -0.162637
1.264000 -0.175023
1.265000 -0.187381
1.266000 -0.199710
1.267000 -0.212007
1.268000 -0.224271
1.269000 -0.236499
1.270000 -0.248690
1.271000 -0.260842
1.272000 -0.272952
1.273000 -0.285019
1.274000 -0.297042
1.275000 -0.309017
1.276000 -0.320944
1.277000 -0.332820
1.278000 -0.344643
1.279000 -0.356412
1.280000 -0.368125
1.281000 -0.379779
1.282000 -0.391374
1.283000 -0.402906
1.284000 -0.414376
1.285000 -0.425779
1.286000 -0.437116
1.287000 -0.448383
1.288000 -0.459580
1.289000 -0.470704
1.290000 -0.481754
1.291000 -0.492727
1.292000 -0.503623
1.293000 -0.514440
1.294000 -0.525175
1.295000 -0.535827
1.296000 -0.546394
1.297000 -0.556876
1.298000 -0.567269
1.299000 -0.577573
1.300000 -0.587785
1.301000 -0.597905
1.302000 -0.607930
1.303000 -0.617860
1.304000 -0.627691
1.305000 -0.637424
1.306000 -0.647056
1.307000 -0.656586
1.308000 -0.666012
1.309000 -0.675333
1.310000 -0.684547
1.311000 -0.693653
1.312000 -0.702650
1.313000 -0.711536
1.314000 -0.720309
1.315000 -0.728969
1.316000 -0.737513
1.317000 -0.745941
1.318000 -0.754251
1.319000 -0.762443
1.320000 -0.770513
1.321000 -0.778462
1.322000 -0.786288
1.323000 -0.793990
1.324000 -0.801567
1.325000 -0.809017
1.326000 -0.816339
1.327000 -0.823533
1.328000 -0.830596
1.329000 -0.837528
1.330000 -0.844328
1.331000 -0.850994
1.332000 -0.857527
1.333000 -0.863923
1.334000 -0.870184
1.335000 -0.876307
1.336000 -0.882291
1.337000 -0.888136
1.338000 -0.893841
1.339000 -0.899405
1.340000 -0.904827
1.341000 -0.910106
1.342000 -0.915241
1.343000 -0.920232
1.344000 -0.925077
1.345000 -0.929776
1.346000 -0.934329
1.347000 -0.938734
1.348000 -0.942991
1.349000 -0.947098
1.350000 -0.951057
1.351000 -0.954865
1.352000 -0.958522
1.353000 -0.962028
1.354000 -0.965382
1.355000 -0.968583
1.356000 -0.971632
1.357000 -0.974527
1.358000 -0.977268
1.359000 -0.979855
1.360000 -0.982287
1.361000 -0.984564
1.362000 -0.986686
1.363000 -0.988652
1.364000 -0.990461
1.365000 -0.992115
1.366000 -0.993611
1.367000 -0.994951
1.368000 -0.996134
1.369000 -0.997159
1.370000 -0.998027
1.371000 -0.998737
1.372000 -0.999289
1.373000 -0.999684
1.374000 -0.999921
1.375000 -1.000000
1.376000 -0.999921
1.377000 -0.999684
1.378000 -0.999289
1.379000 -0.998737
1.380000 -0.998027
1.381000 -0.997159
1.382000 -0.996134
1.383000 -0.994951
1.384000 -0.993611
1.385000 -0.992115
1.386000 -0.990461
1.387000 -0.988652
1.388000 -0.986686
1.389000 -0.984564
1.390000 -0.982287
1.391000 -0.979855
1.392000 -0.977268
1.393000 -0.974527
1.394000 -0.971632
1.395000 -0.968583
1.396000 -0.965382
1.397000 -0.962028
1.398000 -0.958522
1.399000 -0.954865
1.400000 -0.951057
1.401000 -0.947098
1.402000 -0.942991
1.403000 -0.938734
1.404000 -0.934329
1.405000 -0.929776
1.406000 -0.925077
1.407000 -0.920232
1.408000 -0.915241
1.409000 -0.910106
1.410000 -0.904827
1.411000 -0.899405
1.412000 -0.893841
1.413000 -0.888136
1.414000 -0.882291
1.415000 -0.876307
1.416000 -0.870184
1.417000 -0.863923
1.418000 -0.857527
1.419000 -0.850994
1.420000 -0.844328
1.421000 -0.837528
1.422000 -0.830596
1.423000 -0.823533
1.424000 -0.816339
1.425000 -0.809017
1.426000 -0.801567
1.427000 -0.793990
1.428000 -0.786288
1.429000 -0.778462
1.430000 -0.770513
1.431000 -0.762443
1.432000 -0.754251
1.433000 -0.745941
1.434000 -0.737513
1.435000 -0.728969
1.436000 -0.720309
1.437000 -0.711536
1.438000 -0.702650
1.439000 -0.693653
1.440000 -0.684547
1.441000 -0.675333
1.442000 -0.666012
1.443000 -0.656586
1.444000 -0.647056
1.445000 -0.637424
1.446000 -0.627691
1.447000 -0.617860
1.448000 -0.607930
1.449000 -0.597905
1.450000 -0.587785
1.451000 -0.577573
1.452000 -0.567269
1.453000 -0.556876
1.454000 -0.546394
1.455000 -0.535827
1.456000 -0.525175
1.457000 -0.514440
1.458000 -0.503623
1.459000 -0.492727
1.460000 -0.481754
1.461000 -0.470704
1.462000 -0.459580
1.463000 -0.448383
1.464000 -0.437116
1.465000 -0.425779
1.466000 -0.414376
1.467000 -0.402906
1.468000 -0.391374
1.469000 -0.379779
1.470000 -0.368125
1.471000 -0.356412
1.472000 -0.344643
1.473000 -0.332820
1.474000 -0.320944
1.475000 -0.309017
1.476000 -0.297042
1.477000 -0.285019
1.478000 -0.272952
1.479000 -0.260842
1.480000 -0.248690
1.481000 -0.236499
1.482000 -0.224271
1.483000 -0.212007
1.484000 -0.199710
1.485000 -0.187381
1.486000 -0.175023
1.487000 -0.162637
1.488000 -0.150226
1.489000 -0.137790
1.490000 -0.125333
1.491000 -0.112856
1.492000 -0.100362
1.493000 -0.087851
1.494000 -0.075327
1.495000 -0.062791
1.496000 -0.050244
1.497000 -0.037690
1.498000 -0.025130
1.499000 -0.012566
1.500000 -0.000000
1.501000 0.012566
1.502000 0.025130
1.503000 0.037690
1.504000 0.050244
1.505000 0.062791
1.506000 0.075327
1.507000 0.087851
1.508000 0.100362
1.509000 0.112856
1.510000 0.125333
1.511000 0.137790
1.512000 0.150226
1.513000 0.162637
1.514000 0.175023
1.515000 0.187381
1.516000 0.199710
1.517000 0.212007
1.518000 0.224271
1.519000 0.236499
1.520000 0.248690
1.521000 0.260842
1.522000 0.272952
1.523000 0.285019
1.524000 0.297042
1.525000 0.309017
1.526000 0.320944
1.527000 0.332820
1.528000 0.344643
1.529000 0.356412
1.530000 0.368125
1.531000 0.379779
1.532000 0.391374
1.533000 0.402906
1.534000 0.414376
1.535000 0.425779
1.536000 0.437116
1.537000 0.448383
1.538000 0.459580
1.539000 0.470704
1.540000 0.481754
1.541000 0.492727
1.542000 0.503623
1.543000 0.514440
1.544000 0.525175
1.545000 0.535827
1.546000 0.546394
1.547000 0.556876
1.548000 0.567269
1.549000 0.577573
1.550000 0.587785
1.551000 0.597905
1.552000 0.607930
1.553000 0.617860
1.554000 0.627691
1.555000 0.637424
1.556000 0.647056
1.557000 0.656586
1.558000 0.666012
1.559000 0.675333
1.560000 0.684547
1.561000 0.693653
1.562000 0.702650
1.563000 0.711536
1.564000 0.720309
1.565000 0.728969
1.566000 0.737513
1.567000 0.745941
1.568000 0.754251
1.569000 0.762443
1.570000 0.770513
1.571000 0.778462
1.572000 0.786288
1.573000 0.793990
1.574000 0.801567
1.575000 0.809017
1.576000 0.816339
1.577000 0.823533
1.578000 0.830596
1.579000 0.837528
1.580000 0.844328
1.581000 0.850994
1.582000 0.857527
1.583000 0.863923
1.584000 0.870184
1.585000 0.876307
1.586000 0.882291
1.587000 0.888136
1.588000 0.893841
1.589000 0.899405
1.590000 0.904827
1.591000 0.910106
1.592000 0.915241
1.593000 0.920232
1.594000 0.925077
1.595000 0.929776
1.596000 0.934329
1.597000 0.938734
1.598000 0.942991
1.599000 0.947098
1.600000 0.951057
1.601000 0.954865
1.602000 0.958522
1.603000 0.962028
1.604000 0.965382
1.605000 0.968583
1.606000 0.971632
1.607000 0.974527
1.608000 0.977268
1.609000 0.979855
1.610000 0.982287
1.611000 0.984564
1.612000 0.986686
1.613000 0.988652
1.614000 0.990461
1.615000 0.992115
1.616000 0.993611
1.617000 0.994951
1.618000 0.996134
1.619000 0.997159
1.620000 0.998027
1.621000 0.998737
1.622000 0.999289
1.623000 0.999684
1.624000 0.999921
1.625000 1.000000
1.626000 0.999921
1.627000 0.999684
1.628000 0.999289
1.629000 0.998737
1.630000 0.998027
1.631000 0.997159
1.632000 0.996134
1.633000 0.994951
1.634000 0.993611
1.635000 0.992115
1.636000 0.990461
1.637000 0.988652
1.638000 0.986686
1.639000 0.984564
1.640000 0.982287
1.641000 0.979855
1.642000 0.977268
1.643000 0.974527
1.644000 0.971632
1.645000 0.968583
1.646000 0.965382
1.647000 0.962028
1.648000 0.958522
1.649000 0.954865
1.650000 0.951057
1.651000 0.947098
1.652000 0.942991
1.653000 0.938734
1.654000 0.934329
1.655000 0.929776
1.656000 0.925077
1.657000 0.920232
1.658000 0.915241
1.659000 0.910106
1.660000 0.904827
1.661000 0.899405
1.662000 0.893841
1.663000 0.888136
1.664000 0.882291
1.665000 0.876307
1.666000 0.870184
1.667000 0.863923
1.668000 0.857527
1.669000 0.850994
1.670000 0.844328
1.671000 0.837528
1.672000 0.830596
1.673000 0.823533
1.674000 0.816339
1.675000 0.809017
1.676000 0.801567
1.677000 0.793990
1.678000 0.786288
1.679000 0.778462
1.680000 0.770513
1.681000 0.762443
1.682000 0.754251
1.683000 0.745941
1.684000 0.737513
1.685000 0.728969
1.686000 0.720309
1.687000 0.711536
1.688000 0.702650
1.689000 0.693653
1.690000 0.684547
1.691000 0.675333
1.692000 0.666012
1.693000 0.656586
1.694000 0.647056
1.695000 0.637424
1.696000 0.627691
1.697000 0.617860
1.698000 0.607930
1.699000 0.597905
1.700000 0.587785
1.701000 0.577573
1.702000 0.567269
1.703000 0.556876
1.704000 0.546394
1.705000 0.535827
1.706000 0.525175
1.707000 0.514440
1.708000 0.503623
1.709000 0.492727
1.710000 0.481754
1.711000 0.470704
1.712000 0.459580
1.713000 0.448383
1.714000 0.437116
1.715000 0.425779
1.716000 0.414376
1.717000 0.402906
1.718000 0.391374
1.719000 0.379779
1.720000 0.368125
1.721000 0.356412
1.722000 0.344643
1.723000 0.332820
1.724000 0.320944
1.725000 0.309017
1.726000 0.297042
1.727000 0.285019
1.728000 0.272952
1.729000 0.260842
1.730000 0.248690
1.731000 0.236499
1.732000 0.224271
1.733000 0.212007
1.734000 0.199710
1.735000 0.187381
1.736000 0.175023
1.737000 0.162637
1.738000 0.150226
1.739000 0.137790
1.740000 0.125333
1.741000 0.112856
1.742000 0.100362
1.743000 0.087851
1.744000 0.075327
1.745000 0.062791
1.746000 0.050244
1.747000 0.037690
1.748000 0.025130
1.749000 0.012566
1.750000 0.000000
1.751000 -0.012566
1.752000 -0.025130
1.753000 -0.037690
1.754000 -0.050244
1.755000 -0.062791
1.756000 -0.075327
1.757000 -0.087851
1.758000 -0.100362
1.759000 -0.112856
1.760000 -0.125333
1.761000 -0.137790
1.762000 -0.150226
1.763000 -0.162637
1.764000 -0.175023
1.765000 -0.187381
1.766000 -0.199710
1.767000 -0.212007
1.768000 -0.224271
1.769000 -0.236499
1.770000 -0.248690
1.771000 -0.260842
1.772000 -0.272952
1.773000 -0.285019
1.774000 -0.297042
1.775000 -0.309017
1.776000 -0.320944
1.777000 -0.332820
1.778000 -0.344643
1.779000 -0.356412
1.780000 -0.368125
1.781000 -0.379779
1.782000 -0.391374
1.783000 -0.402906
1.784000 -0.414376
1.785000 -0.425779
1.786000 -0.437116
1.787000 -0.448383
1.788000 -0.459580
1.789000 -0.470704
1.790000 -0.481754
1.791000 -0.492727
1.792000 -0.503623
1.793000 -0.514440
1.794000 -0.525175
1.795000 -0.535827
1.796000 -0.546394
1.797000 -0.556876
1.798000 -0.567269
1.799000 -0.577573
1.800000 -0.587785
1.801000 -0.597905
1.802000 -0.607930
1.803000 -0.617860
1.804000 -0.627691
1.805000 -0.637424
1.806000 -0.647056
1.807000 -0.656586
1.808000 -0.666012
1.809000 -0.675333
1.810000 -0.684547
1.811000 -0.693653
1.812000 -0.702650
1.813000 -0.711536
1.814000 -0.720309
1.815000 -0.728969
1.816000 -0.737513
1.817000 -0.745941
1.818000 -0.754251
1.819000 -0.762443
1.820000 -0.770513
1.821000 -0.778462
1.822000 -0.786288
1.823000 -0.793990
1.824000 -0.801567
1.825000 -0.809017
1.826000 -0.816339
1.827000 -0.823533
1.828000 -0.830596
1.829000 -0.837528
1.830000 -0.844328
1.831000 -0.850994
1.832000 -0.857527
1.833000 -0.863923
1.834000 -0.870184
1.835000 -0.876307
1.836000 -0.882291
1.837000 -0.888136
1.838000 -0.893841
1.839000 -0.899405
1.840000 -0.904827
1.841000 -0.910106
1.842000 -0.915241
1.843000 -0.920232
1.844000 -0.925077
1.845000 -0.929776
1.846000 -0.934329
1.847000 -0.938734
1.848000 -0.942991
1.849000 -0.947098
1.850000 -0.951057
1.851000 -0.954865
1.852000 -0.958522
1.853000 -0.962028
1.854000 -0.965382
1.855000 -0.968583
1.856000 -0.971632
1.857000 -0.974527
1.858000 -0.977268
1.859000 -0.979855
1.860000 -0.982287
1.861000 -0.984564
1.862000 -0.986686
1.863000 -0.988652
1.864000 -0.990461
1.865000 -0.992115
1.866000 -0.993611
1.867000 -0.994951
1.868000 -0.996134
1.869000 -0.997159
1.870000 -0.998027
1.871000 -0.998737
1.872000 -0.999289
1.873000 -0.999684
1.874000 -0.999921
1.875000 -1.000000
1.876000 -0.999921
1.877000 -0.999684
1.878000 -0.999289
1.879000 -0.998737
1.880000 -0.998027
1.881000 -0.997159
1.882000 -0.996134
1.883000 -0.994951
1.884000 -0.993611
1.885000 -0.992115
1.886000 -0.990461
1.887000 -0.988652
1.888000 -0.986686
1.889000 -0.984564
1.890000 -0.982287
1.891000 -0.979855
1.892000 -0.977268
1.893000 -0.974527
1.894000 -0.971632
1.895000 -0.968583
1.896000 -0.965382
1.897000 -0.962028
1.898000 -0.958522
1.899000 -0.954865
1.900000 -0.951057
1.901000 -0.947098
1.902000 -0.942991
1.903000 -0.938734
1.904000 -0.934329
1.905000 -0.929776
1.906000 -0.925077
1.907000 -0.920232
1.908000 -0.915241
1.909000 -0.910106
1.910000 -0.904827
1.911000 -0.899405
1.912000 -0.893841
1.913000 -0.888136
1.914000 -0.882291
1.915000 -0.876307
1.916000 -0.870184
1.917000 -0.863923
1.918000 -0.857527
1.919000 -0.850994
1.920000 -0.844328
1.921000 -0.837528
1.922000 -0.830596
1.923000 -0.823533
1.924000 -0.816339
1.925000 -0.809017
1.926000 -0.801567
1.927000 -0.793990
1.928000 -0.786288
1.929000 -0.778462
1.930000 -0.770513
1.931000 -0.762443
1.932000 -0.754251
1.933000 -0.745941
1.934000 -0.737513
1.935000 -0.728969
1.936000 -0.720309
1.937000 -0.711536
1.938000 -0.702650
1.939000 -0.693653
1.940000 -0.684547
1.941000 -0.675333
1.942000 -0.666012
1.943000 -0.656586
1.944000 -0.647056
1.945000 -0.637424
1.946000 -0.627691
1.947000 -0.617860
1.948000 -0.607930
1.949000 -0.597905
1.950000 -0.587785
1.951000 -0.577573
1.952000 -0.567269
1.953000 -0.556876
1.954000 -0.546394
1.955000 -0.535827
1.956000 -0.525175
1.957000 -0.514440
1.958000 -0.503623
1.959000 -0.492727
1.960000 -0.481754
1.961000 -0.470704
1.962000 -0.459580
1.963000 -0.448383
1.964000 -0.437116
1.965000 -0.425779
1.966000 -0.414376
1.967000 -0.402906
1.968000 -0.391374
1.969000 -0.379779
1.970000 -0.368125
1.971000 -0.356412
1.972000 -0.344643
1.973000 -0.332820
1.974000 -0.320944
1.975000 -0.309017
1.976000 -0.297042
1.977000 -0.285019
1.978000 -0.272952
1.979000 -0.260842
1.980000 -0.248690
1.981000 -0.236499
1.982000 -0.224271
1.983000 -0.212007
1.984000 -0.199710
1.985000 -0.187381
1.986000 -0.175023
1.987000 -0.162637
1.988000 -0.150226
1.989000 -0.137790
1.990000 -0.125333
1.991000 -0.112856
1.992000 -0.100362
1.993000 -0.087851
1.994000 -0.075327
1.995000 -0.062791
1.996000 -0.050244
1.997000 -0.037690
1.998000 -0.025130
1.999000 -0.012566
