0.000000 0.000000
0.005000 0.000000
0.010000 0.000001
0.015000 0.000001
0.020000 0.000001
0.025000 0.000001
0.030000 0.000002
0.035000 0.000002
0.040000 0.000002
0.045000 0.000002
0.050000 0.000002
0.055000 0.000003
0.060000 0.000003
0.065000 0.000003
0.070000 0.000003
0.075000 0.000003
0.080000 0.000004
0.085000 0.000004
0.090000 0.000004
0.095000 0.000004
0.100000 0.000005
0.105000 0.000005
0.110000 0.000005
0.115000 0.000005
0.120000 0.000005
0.125000 0.000006
0.130000 0.000006
0.135000 0.000006
0.140000 0.000006
0.145000 0.000007
0.150000 0.000007
0.155000 0.000007
0.160000 0.000007
0.165000 0.000007
0.170000 0.000008
0.175000 0.000008
0.180000 0.000008
0.185000 0.000008
0.190000 0.000009
0.195000 0.000009
0.200000 0.000009
0.205000 0.000009
0.210000 0.000010
0.215000 0.000010
0.220000 0.000010
0.225000 0.000010
0.230000 0.000010
0.235000 0.000011
0.240000 0.000011
0.245000 0.000011
0.250000 0.000011
0.255000 0.000012
0.260000 0.000012
0.265000 0.000012
0.270000 0.000012
0.275000 0.000012
0.280000 0.000013
0.285000 0.000013
0.290000 0.000013
0.295000 0.000013